0 0.358399 
1 0.358399 
2 0.358399 
3 0.358399 
4 0.358399 
5 0.358399 
6 0.389924 
7 0.358399 
8 0.358399 
9 0.358399 
10 0.358399 
11 0.358399 
12 0.358399 
13 0.358399 
14 0.358399 
15 0.358399 
16 0.358399 
17 0.358399 
18 0.358399 
19 0.358399 
20 0.358399 
21 0.358399 
22 0.358399 
23 0.358399 
24 0.358399 
25 0.358399 
26 0.358399 
27 0.358399 
28 0.358391 
29 0.358399 
30 0.358399 
31 0.358399 
32 0.358399 
33 0.358399 
34 0.358399 
35 0.358399 
36 0.358399 
37 0.358399 
38 0.358399 
39 0.358399 
40 0.358399 
41 0.358399 
42 0.358399 
43 0.358399 
44 0.358399 
45 0.358399 
46 0.358399 
47 0.358399 
48 0.376547 
49 0.358399 
