0 9.641601 
1 9.641601 
2 9.641601 
3 9.641601 
4 9.641601 
5 9.641601 
6 9.610076 
7 9.641601 
8 9.641601 
9 9.641601 
10 9.641601 
11 9.641601 
12 9.641601 
13 9.641601 
14 9.641601 
15 9.641601 
16 9.641601 
17 9.641601 
18 9.641601 
19 9.641601 
20 9.641601 
21 9.641601 
22 9.641601 
23 9.641601 
24 9.641601 
25 9.641601 
26 9.641601 
27 9.641601 
28 9.641609 
29 9.641601 
30 9.641601 
31 9.641601 
32 9.641601 
33 9.641601 
34 9.641601 
35 9.641601 
36 9.641601 
37 9.641601 
38 9.641601 
39 9.641601 
40 9.641601 
41 9.641601 
42 9.641601 
43 9.641601 
44 9.641601 
45 9.641601 
46 9.641601 
47 9.641601 
48 9.623453 
49 9.641601 
