0 0.369523 
1 0.372569 
2 0.369555 
3 0.370736 
4 0.371568 
5 0.371083 
6 0.372431 
7 0.369143 
8 0.370265 
9 0.370748 
10 0.371007 
11 0.371143 
12 0.370730 
13 0.370186 
14 0.370772 
15 0.370967 
16 0.370268 
17 0.370724 
18 0.370130 
19 0.370708 
20 0.369367 
21 0.370295 
22 0.370704 
23 0.370791 
24 0.370734 
25 0.370904 
26 0.370942 
27 0.370774 
28 0.370724 
29 0.370791 
30 0.370712 
31 0.370819 
32 0.371310 
33 0.370806 
34 0.370532 
35 0.370823 
36 0.370731 
37 0.370723 
38 0.370787 
39 0.370934 
40 0.369688 
41 0.371336 
42 0.370751 
43 0.370769 
44 0.370715 
45 0.371000 
46 0.370655 
47 0.368608 
48 0.370521 
49 0.370825 
