0 9.630477 
1 9.627431 
2 9.630445 
3 9.629264 
4 9.628432 
5 9.628917 
6 9.627569 
7 9.630857 
8 9.629735 
9 9.629252 
10 9.628993 
11 9.628857 
12 9.629270 
13 9.629814 
14 9.629228 
15 9.629033 
16 9.629732 
17 9.629276 
18 9.629870 
19 9.629292 
20 9.630633 
21 9.629705 
22 9.629296 
23 9.629209 
24 9.629266 
25 9.629096 
26 9.629058 
27 9.629226 
28 9.629276 
29 9.629209 
30 9.629288 
31 9.629181 
32 9.628690 
33 9.629194 
34 9.629468 
35 9.629177 
36 9.629269 
37 9.629277 
38 9.629213 
39 9.629066 
40 9.630312 
41 9.628664 
42 9.629249 
43 9.629231 
44 9.629285 
45 9.629000 
46 9.629345 
47 9.631392 
48 9.629479 
49 9.629175 
