0 0.610866 
1 0.609906 
2 0.611474 
3 0.609949 
4 0.610039 
5 0.610381 
6 0.618575 
7 0.609933 
8 0.611107 
9 0.611935 
10 0.609808 
11 0.609933 
12 0.610873 
13 0.610442 
14 0.609933 
15 0.609919 
16 0.610417 
17 0.609949 
18 0.609635 
19 0.609949 
20 0.610474 
21 0.609949 
22 0.610301 
23 0.609855 
24 0.609919 
25 0.609805 
26 0.609876 
27 0.609958 
28 0.609949 
29 0.610448 
30 0.609673 
31 0.609910 
32 0.609949 
33 0.609935 
34 0.609889 
35 0.610076 
36 0.609866 
37 0.609734 
38 0.609926 
39 0.609949 
40 0.609958 
41 0.609703 
42 0.610051 
43 0.610351 
44 0.610650 
45 0.609890 
46 0.610229 
47 0.609919 
48 0.612266 
49 0.610267 
