0 9.389134 
1 9.390094 
2 9.388526 
3 9.390051 
4 9.389961 
5 9.389619 
6 9.381425 
7 9.390067 
8 9.388893 
9 9.388065 
10 9.390192 
11 9.390067 
12 9.389127 
13 9.389558 
14 9.390067 
15 9.390081 
16 9.389583 
17 9.390051 
18 9.390365 
19 9.390051 
20 9.389526 
21 9.390051 
22 9.389699 
23 9.390145 
24 9.390081 
25 9.390195 
26 9.390124 
27 9.390042 
28 9.390051 
29 9.389552 
30 9.390327 
31 9.390090 
32 9.390051 
33 9.390065 
34 9.390111 
35 9.389924 
36 9.390134 
37 9.390266 
38 9.390074 
39 9.390051 
40 9.390042 
41 9.390297 
42 9.389949 
43 9.389649 
44 9.389350 
45 9.390110 
46 9.389771 
47 9.390081 
48 9.387734 
49 9.389733 
